-0.00571429
-0.002
0.0135714
0.001
-0.00571429
-0.002
0.0135714
0.001
-0.00571429
-0.002
0.0135714
0.001
-0.00571429
-0.002
0.0135714
0.001
0.0242133
-0.00973345
-0.0442618
-0.00926366
-0.264544
-0.0119817
0.239183
-0.00807308
0.0187558
-0.00974396
-0.0387561
-0.00125678
-0.278701
-0.0123996
0.327602
-0.0059854
-0.0718516
-0.0106175
0.0518574
-0.00738235
-0.348819
-0.0142049
0.328818
-0.00361751
-0.0805835
-0.0107719
0.0605829
-0.0051451
-0.458802
-0.0149081
0.438874
-0.00509102
0.015616
-0.00118436
-0.0555665
0.000130688
-0.201599
-0.0122628
0.440765
-0.00182968
0.0795331
-0.00886947
-0.0701426
-0.00900796
-0.250664
-0.00509319
0.258523
0.00409318
0.288495
-0.00637448
-0.364588
-0.00563395
-0.0453384
-0.0104732
0.0213177
0.00341946
0.176263
-0.00737006
-0.196314
-0.0126305
-0.24465
-0.0146882
0.171963
-0.00643569
0.200978
-0.00687581
-0.220972
-0.013124
-0.314477
-0.0122891
0.144614
-0.00471034
-0.00571429
-0.002
0.0135714
0.001
-0.00571429
-0.002
0.0135714
0.001
-0.00571429
-0.002
0.0135714
0.001
-0.00571429
-0.002
0.0135714
0.001
-0.00571429
-0.002
0.0135714
0.001
-0.00571429
-0.002
0.0135714
0.001
-0.00571429
-0.002
0.0135714
0.001
-0.00571429
-0.002
0.0135714
0.001
-0.00571429
-0.002
0.0135714
0.001
-0.00571429
-0.002
0.0135714
0.001
-0.00571429
-0.002
0.0135714
0.001
-0.00571429
-0.002
0.0135714
0.001
-0.0099678
-0.00999779
-0.0100322
-0.00900221
-0.0203683
-0.0107285
0.000368696
-0.00428797
-0.06495
-0.0143591
0.0601983
-0.00293327
-0.0638032
-0.0142664
0.0438029
-0.00412073
-0.062143
-0.0146226
0.0421399
-0.00537746
-0.0312307
-0.0044175
0.0401687
0.00319768
-0.0464141
-0.0135373
0.0207001
-0.00446349
-0.0496976
-0.0138553
0.0296941
-0.00414534
-0.0113465
-0.0025782
0.0190533
0.00153546
-0.0250704
-0.00445547
0.0369043
0.00332655
0.00475482
-0.000826044
0.00310358
9.00178-05
-0.0330374
-0.0125854
0.0208555
-0.00353981
-0.000587405
-0.00778347
-0.0286249
-0.0123259
-0.0304373
-0.0124313
0.0104358
-0.00456935
0.00917579
-0.00673796
-0.0360177
-0.0112618
-0.0183648
-0.00396966
0.0290483
0.00277955
0.0266681
0.00224996
-0.016518
-0.00360951
0.000622076
-0.00860274
-0.0206216
0.0026033
-0.00571429
-0.002
0.0135714
0.001
-0.00571429
-0.002
0.0135714
0.001
-0.00571429
-0.002
0.0135714
0.001
-0.00571429
-0.002
0.0135714
0.001
-0.00571429
-0.002
0.0135714
0.001
-0.00571429
-0.002
0.0135714
0.001
-0.00571429
-0.002
0.0135714
0.001
-0.00571429
-0.002
0.0135714
0.001
-0.00571429
-0.002
0.0135714
0.001
-0.00571429
-0.002
0.0135714
0.001
-0.00571429
-0.002
0.0135714
0.001
-0.00571429
-0.002
0.0135714
0.001
0.00275589
-0.000416252
0.00511922
-0.000641199
-0.0122405
-0.00321189
0.0201
0.00221189
-0.159652
-0.0107142
-0.00663801
-0.00926284
-0.0348881
-0.0153363
0.017326
-0.0021408
-0.02465
-0.00665416
0.0325779
0.00556419
-0.0203151
-0.00544499
0.0283403
0.00458016
-0.0768058
-0.0113343
-0.00560368
-0.00918081
-0.0314732
-0.0146387
0.0114405
-0.0051577
-0.0421559
-0.0103338
-0.0089238
-0.00969239
-0.0156738
-0.0116092
-0.00302215
0.000609279
-0.0102848
-0.0100827
-0.00971479
-0.00891351
-0.0232224
-0.0131033
0.00421815
-0.0059919
-0.00736665
-0.00915309
-0.0126323
-0.0129284
-0.0100599
-0.0100192
-0.00994014
0.00401972
0.00411853
-0.00411128
-0.0227719
-0.00588691
-0.0194847
-0.0132155
-0.00947776
-0.00271955
0.0117318
0.00265123
-0.00399454
-0.00362366
-0.0071709
-0.00243773
0.0148231
0.00141334
-0.00144727
-0.00631455
-0.0350447
-0.0115964
-0.0175174
-0.0127914
-0.00248271
-0.00720808
-0.00571429
-0.002
0.0135714
0.001
-0.00571429
-0.002
0.0135714
0.001
-0.00571429
-0.002
0.0135714
0.001
-0.00571429
-0.002
0.0135714
0.001
-0.00571429
-0.002
0.0135714
0.001
-0.00571429
-0.002
0.0135714
0.001
-0.00571429
-0.002
0.0135714
0.001
-0.00571429
-0.002
0.0135714
0.001
-0.00571429
-0.002
0.0135714
0.001
-0.00571429
-0.002
0.0135714
0.001
-0.00571429
-0.002
0.0135714
0.001
-0.00571429
-0.002
0.0135714
0.001
-0.0309894
-0.019105
0.00946211
-0.00159988
-0.0170101
-0.00655528
0.0242961
0.00532055
-0.0105939
-0.00389898
0.0201303
0.00753434
-0.0216746
-0.0152646
0.000270993
0.001241
-0.0078299
-0.00295277
0.0155669
0.00198999
-0.0212003
-0.0155353
0.00312757
-0.00351509
-0.00972848
-0.00985747
-0.0102715
-0.000144856
-0.0185711
-0.0145963
-0.0013883
-0.00533342
0.00204754
0.00130331
0.00774106
-0.000797305
-0.0115078
-0.0106757
-0.00763415
0.00434953
0.00417311
0.00282262
0.00560022
-0.00445311
-0.0133823
-0.012041
-0.00662405
-0.00136526
-0.00303689
-0.00555942
-0.0169639
-0.00844213
-0.00365493
-0.002
0.0135714
0.000999995
0.00628935
0.00478926
0.0015273
-0.00519179
-0.0150102
-0.0133511
-0.00498967
-0.00564879
-0.00434825
-0.00605298
-0.0155785
-0.0128982
-0.00244256
0.000285661
0.0114891
-0.00046182
-0.00571429
-0.002
0.0135714
0.001
-0.00571429
-0.002
0.0135714
0.001
-0.00571429
-0.002
0.0135714
0.001
-0.00571429
-0.002
0.0135714
0.001
-0.00571429
-0.002
0.0135714
0.001
-0.00571429
-0.002
0.0135714
0.001
-0.00571429
-0.002
0.0135714
0.001
-0.00571429
-0.002
0.0135714
0.001
-0.00571429
-0.002
0.0135714
0.001
-0.00571429
-0.002
0.0135714
0.001
-0.00571429
-0.002
0.0135714
0.001
-0.00571429
-0.002
0.0135714
0.001
-0.0146397
-0.00605089
0.0200071
0.00536041
-0.0245375
-0.0191676
0.004538
0.000167113
-0.016679
-0.0166297
-0.000595417
-0.00237509
-0.0132095
-0.00753693
0.0203061
0.00653704
-0.0153183
-0.0118562
-0.00667009
-0.00143257
-0.00879608
-0.00409118
0.0166422
0.00422281
-0.00148084
0.00153045
0.0104362
-0.000409696
-0.0163657
-0.0153129
-0.00321395
-0.00433932
-0.00875332
-0.00888821
-0.0112508
-0.00611544
-0.0153905
-0.0148011
-0.00459607
-0.00520545
-0.00090881
0.00417119
0.00343727
-0.00517156
-0.00539317
0.00179848
0.0128595
0.000640759
-0.00677793
-0.0042296
-0.0122412
-0.0082216
-0.00449344
0.000693919
0.0108706
0.000384456
0.00149129
0.00550409
0.00384094
-0.0117169
-0.0148652
-0.0107762
-0.00922824
-0.0041843
0.00271772
0.00891708
0.00426737
-0.00691003
-0.0117726
-0.011936
-0.00822764
-0.00806427
-0.00571429
-0.002
0.0135714
0.001
-0.00571429
-0.002
0.0135714
0.001
-0.00571429
-0.002
0.0135714
0.001
-0.00571429
-0.002
0.0135714
0.001
-0.00571429
-0.002
0.0135714
0.001
-0.00571429
-0.002
0.0135714
0.001
-0.00571429
-0.002
0.0135714
0.001
-0.00571429
-0.002
0.0135714
0.001
-0.00571429
-0.002
0.0135714
0.001
-0.00571429
-0.002
0.0135714
0.001
-0.00571429
-0.002
0.0135714
0.001
-0.00571429
-0.002
0.0135714
0.001
-0.0107405
-0.00702766
0.0192701
0.00599729
-0.0210618
-0.0197011
0.0011167
-0.000212889
-0.00808364
-0.00394184
0.0159945
0.00382172
-0.00944302
-0.00565521
0.0181547
0.00466661
-0.0147516
-0.0151025
-0.0052862
-0.00465631
-0.00647021
-0.00285123
0.0144018
0.00200023
-0.0104565
-0.0221006
-0.00976258
-0.00847093
-0.0150041
-0.0148114
-0.00532524
-0.00350829
-0.0103182
-0.0104603
-0.00963624
-0.00444847
-0.00434411
0.000912861
0.012698
0.000354741
-0.0103316
-0.0104401
-0.00947763
-0.00831151
-0.0128453
-0.0137421
-0.00715479
-0.00325776
0.00144847
0.00593938
0.00777765
-0.00664315
-0.00257594
0.00235184
0.0114483
-0.00062785
0.000952265
0.00804162
0.00730788
-0.0111115
-0.000314776
-0.000192345
0.0123094
-0.00184148
0.00259784
0.0102396
0.00539583
-0.00703802
-0.0127815
-0.0142242
-0.00828354
-0.00739318
0.00208404
0.0137645
0.00512926
-0.00615535
-0.0143414
-0.0110661
-0.0093385
-0.00861006
-0.00571429
-0.002
0.0135714
0.001
-0.00571429
-0.002
0.0135714
0.001
-0.00571429
-0.002
0.0135714
0.001
-0.00571429
-0.002
0.0135714
0.001
-0.00571429
-0.002
0.0135714
0.001
-0.00571429
-0.002
0.0135714
0.001
-0.00571429
-0.002
0.0135714
0.001
-0.00571429
-0.002
0.0135714
0.001
-0.00571429
-0.002
0.0135714
0.001
-0.00571429
-0.002
0.0135714
0.001
-0.00981215
-0.00676206
0.018251
0.00560551
-0.0113791
-0.00875908
0.0187593
0.0075375
-0.0166951
-0.0178789
-0.00352396
0.00326515
-0.0205273
-0.0233098
-0.000357508
0.00210654
-0.0141875
-0.015795
-0.00598675
-0.00375859
-0.0170269
-0.0195912
-0.00336375
-0.00101741
-0.0107691
-0.0146503
-0.00845498
-0.00425711
-0.00571911
-0.00197537
0.0135764
-0.00274194
-0.0105371
-0.0112451
-0.00886341
-0.00790671
-0.00396673
0.00231649
0.0108749
0.000159805
-0.00884569
-0.00806587
-0.0107507
-0.00193018
-0.00354571
0.00164434
0.0106025
-0.00264395
0.000521926
0.00670527
0.00788949
-0.00918363
-0.00256545
0.00137239
0.0106876
-0.00457911
-0.00921301
-0.00853663
-0.0110079
-0.0122919
-0.0135151
-0.0139868
-0.00977354
-0.00357986
0.00380383
0.0111064
0.0074252
-0.010619
-0.00330164
0.0132875
0.0120649
-0.00385437
-0.00780011
-0.00542804
-0.0121732
-0.0135518
-0.00254516
0.00621414
0.0078796
-0.00366267
0.00243535
0.0151118
0.00561083
-0.00653158
-0.0104004
-0.0114967
-0.00928473
-0.0031029
-0.00571429
-0.002
0.0135714
0.001
-0.00571429
-0.002
0.0135714
0.001
-0.00571429
-0.002
0.0135714
0.001
-0.00571429
-0.002
0.0135714
0.001
-0.00571429
-0.002
0.0135714
0.001
-0.00571429
-0.002
0.0135714
0.001
-0.00571429
-0.002
0.0135714
0.001
-0.00571429
-0.002
0.0135714
0.001
-0.0119549
-0.0122793
-0.0080779
1.70947-05
-0.0117829
-0.0101207
0.0196342
0.00911389
-0.0233533
-0.0299742
0.00301185
0.0139831
-0.00979742
-0.00891987
0.0195228
0.0210743
-0.0177314
-0.0227774
-0.000916665
0.0148593
-0.00723788
-0.00502347
0.0155126
0.025988
-0.00669711
-0.00376907
0.01472
0.00368092
-0.00804219
-0.0061207
0.0158989
0.00404979
-0.00438699
0.000512196
0.0122913
-0.00197699
-0.00567834
-0.0019316
0.0135209
0.000907146
-0.00269333
0.00198052
0.0116042
-0.00295123
-0.0144403
-0.0189826
-0.0059203
-0.00181032
-0.00254935
0.00913051
0.0106433
-0.00212626
-0.0021628
0.00214933
0.0114217
-0.00145455
-0.0101148
-0.0102508
-0.00985796
-0.00568493
-0.0127606
-0.0151101
-0.00771878
-0.00564813
-0.00813286
-0.00887433
-0.0107246
-0.00968506
-0.00271925
0.00515541
0.0108131
-0.00715165
0.000391724
0.0150327
0.00808143
-0.0133848
-0.00232308
0.00620545
0.0105167
-0.00715069
0.00100498
0.0147365
0.00720589
-0.0162301
-0.0114388
-0.0136023
-0.00725066
-0.00638851
-0.00467328
0.000155302
0.0127576
-0.0645623
-0.00417894
0.00207067
0.0120351
-0.0243557
-0.00571429
-0.002
0.0135714
0.001
-0.00571429
-0.002
0.0135714
0.001
-0.00571429
-0.002
0.0135714
0.001
-0.00571429
-0.002
0.0135714
0.001
-0.00571429
-0.002
0.0135714
0.001
-0.00571429
-0.002
0.0135714
0.001
-0.00571429
-0.002
0.0135714
0.001
-0.00571429
-0.002
0.0135714
0.001
-0.0141871
-0.014322
-0.00582644
-0.00552002
-0.0319325
-0.0470354
-0.00890179
-0.0081486
-0.0120631
-0.0137376
-0.00775106
-0.000632721
-0.0195812
-0.0311028
-0.00025393
0.0130996
-0.0109648
-0.0124764
-0.00893558
-0.00689097
-0.00837879
-0.00703606
0.0158521
0.0045536
-0.0102624
-0.0108302
-0.00968424
-0.00925139
-0.00551179
-0.0016656
0.0133731
0.000513272
-0.010569
-0.0115906
-0.00943245
-0.00790778
-0.0141244
-0.0190176
-0.00590191
-0.000887662
-0.0094844
-0.00874637
-0.0105473
-0.00180626
-0.00371535
-5.20843-05
0.0099992
-0.000311885
-0.000252059
0.00928316
0.00858432
-0.00987321
-0.0031014
0.0049917
0.0106507
1.33126-05
-0.000415236
0.0114064
0.0079842
-0.0127877
-0.00381221
0.00625311
0.010292
-0.00771069
-0.000903548
0.0144743
0.00746167
-0.0175398
0.000615912
0.00356772
0.0107108
-0.00438631
0.000472288
0.00966081
0.00849141
-0.0265544
0.000338268
0.00412686
0.0101243
-0.00522594
0.00106129
0.017786
0.00679553
-0.0187856
-0.00310141
0.00574806
0.0109179
-0.0178981
-0.00571429
-0.002
0.0135714
0.001
-0.00571429
-0.002
0.0135714
0.001
-0.00571429
-0.002
0.0135714
0.001
-0.00571429
-0.002
0.0135714
0.001
-0.00571429
-0.002
0.0135714
0.001
-0.00571429
-0.002
0.0135714
0.001
-0.00571429
-0.002
0.0135714
0.001
-0.00571429
-0.002
0.0135714
0.001
0.00440644
0.00496092
0.00749941
0.000578433
-0.00592228
-0.00238797
0.0137787
0.0013731
-0.0109966
-0.0116698
-0.00911351
-0.00181474
-0.0186469
-0.0270812
-0.00134313
0.00715923
-0.0076422
-0.00977104
-0.0126291
0.000837955
-0.0181204
-0.0272754
-0.0021117
0.00681343
-0.00999189
-0.00998596
-0.0100076
-0.00801742
-0.00556468
-0.00222402
0.0135891
0.000991235
-0.0106308
-0.012271
-0.00924478
-0.00047817
-0.00559993
-0.001728
0.0134571
0.000727407
-0.00161442
0.00373603
0.00948149
-0.00658234
-0.0052281
-0.00108042
0.0131358
-0.000380837
-0.000509061
0.00467741
0.00835078
-0.0104224
-0.0135657
-0.0186656
-0.00648478
-0.000628699
-0.00124663
0.00875456
0.0097028
-0.0121833
-0.00464921
0.0109702
0.0125152
-0.001892
0.00204418
0.00768681
0.00579388
-0.00166465
-0.00164021
0.00229781
0.0106349
0.000328627
0.00163766
0.0210828
0.00766689
-0.00883815
-0.00106073
0.00334185
0.0118373
-0.0129547
-0.00571429
-0.002
0.0135714
0.001
-0.00571429
-0.002
0.0135714
0.001
-0.00571429
-0.002
0.0135714
0.001
-0.00571429
-0.002
0.0135714
0.001
-0.00571429
-0.002
0.0135714
0.001
-0.00571429
-0.002
0.0135714
0.001
-0.00571429
-0.002
0.0135714
0.001
-0.00571429
-0.002
0.0135714
0.001
-0.00571429
-0.002
0.0135714
0.001
-0.00571429
-0.002
0.0135714
0.001
-0.00571429
-0.002
0.0135714
0.001
-0.00571429
-0.002
0.0135714
0.001
-0.0109567
-0.0119789
-0.00900765
-0.00805727
-0.00666924
-0.00412925
0.0146376
0.00312243
-0.0106007
-0.0119047
-0.0081759
-0.00522692
-0.00709371
-0.00468485
0.0150732
0.0234139
-0.0111713
-0.0137497
-0.00837203
-0.00683784
-0.0078205
-0.00706718
0.0156508
0.00707047
-0.0118529
-0.0145074
-0.00815945
0.00247663
-0.0171571
-0.0274055
-0.00284131
0.00841025
-0.00455769
0.00059374
0.0127329
-0.000297407
-0.00721206
-0.00716293
0.0162813
0.00188149
-0.013914
-0.022346
-0.00500323
0.0015054
-0.00650964
-0.00451567
0.014685
0.00192503
-0.00486329
0.000196462
0.0128017
-0.0114336
-0.017091
-0.0228374
-0.00542851
0.00550445
-0.00148083
0.0103629
0.0108625
-0.0113984
-0.00363611
7.71175-05
0.0130948
-0.00110403
0.000591976
0.0171286
0.00727446
-0.0180998
-0.0116986
-0.0152393
-0.0083496
-0.00499487
-0.00571429
-0.002
0.0135714
0.001
-0.00571429
-0.002
0.0135714
0.001
-0.00571429
-0.002
0.0135714
0.001
-0.00571429
-0.002
0.0135714
0.001
-0.00571429
-0.002
0.0135714
0.001
-0.00571429
-0.002
0.0135714
0.001
-0.00571429
-0.002
0.0135714
0.001
-0.00571429
-0.002
0.0135714
0.001
-0.00571429
-0.002
0.0135714
0.001
-0.00571429
-0.002
0.0135714
0.001
-0.00571429
-0.002
0.0135714
0.001
-0.00571429
-0.002
0.0135714
0.001
-0.00571429
-0.002
0.0135714
0.001
-0.00571429
-0.002
0.0135714
0.001
-0.00382658
0.000527324
0.0113824
0.000773746
-0.00742432
-0.00611724
0.0153796
0.00363947
-0.0115931
-0.0143562
-0.00821427
-0.0063927
-0.00796472
-0.00706351
0.0159966
0.0171043
-0.0116423
-0.0137977
-0.00690602
-0.000858004
-0.0191502
-0.0310441
-0.000986918
0.0107482
-0.00374852
0.00277302
0.0116486
-0.00371779
-0.00989501
-0.0121418
0.017175
0.0111401
-0.00528787
-0.000806429
0.0131637
-0.00305324
-0.00900516
-0.00819726
0.017198
0.0127234
-0.00571429
-0.002
0.0135714
0.001
-0.00571429
-0.002
0.0135714
0.001
-0.00571429
-0.002
0.0135714
0.001
-0.00571429
-0.002
0.0135714
0.001
-0.00571429
-0.002
0.0135714
0.001
-0.00571429
-0.002
0.0135714
0.001
-0.00571429
-0.002
0.0135714
0.001
-0.00571429
-0.002
0.0135714
0.001
-0.00571429
-0.002
0.0135714
0.001
-0.00571429
-0.002
0.0135714
0.001
-0.00571429
-0.002
0.0135714
0.001
-0.00571429
-0.002
0.0135714
0.001
-0.00571429
-0.002
0.0135714
0.001
-0.00571429
-0.002
0.0135714
0.001
-0.00571429
-0.002
0.0135714
0.001
-0.00571429
-0.002
0.0135714
0.001
-0.00571429
-0.002
0.0135714
0.001
-0.00571429
-0.002
0.0135714
0.001
-0.00571429
-0.002
0.0135714
0.001
-0.00571429
-0.002
0.0135714
0.001
-0.00571429
-0.002
0.0135714
0.001
-0.00571429
-0.002
0.0135714
0.001
-0.00671979
-0.00380751
-0.00861281
-0.000223681
-0.00962149
-0.0097846
0.0176851
0.00282043
-0.00586597
-0.00224627
0.0136995
0.00113298
-0.0119883
-0.0132702
0.0192354
0.0127335
-0.00921337
-0.00972774
0.0174732
0.00374424
-0.0111791
-0.0141913
0.0196535
0.0234483
-0.00705733
-0.00552882
0.0153107
0.00479939
-0.0068647
-0.0044674
0.014891
0.030301
-0.00571429
-0.002
0.0135714
0.001
-0.00571429
-0.002
0.0135714
0.001
-0.00571429
-0.002
0.0135714
0.001
-0.00571429
-0.002
0.0135714
0.001
-0.00571429
-0.002
0.0135714
0.001
-0.00571429
-0.002
0.0135714
0.001
-0.00571429
-0.002
0.0135714
0.001
-0.00571429
-0.002
0.0135714
0.001
-0.00571429
-0.002
0.0135714
0.001
-0.00571429
-0.002
0.0135714
0.001
-0.00571429
-0.002
0.0135714
0.001
-0.00571429
-0.002
0.0135714
0.001
-0.00571429
-0.002
0.0135714
0.001
-0.00571429
-0.002
0.0135714
0.001
-0.00571429
-0.002
0.0135714
0.001
-0.00571429
-0.002
0.0135714
0.001
-0.00571429
-0.002
0.0135714
0.001
-0.00571429
-0.002
0.0135714
0.001
-0.00571429
-0.002
0.0135714
0.001
-0.00571429
-0.002
0.0135714
0.001
-0.00571429
-0.002
0.0135714
0.001
-0.00571429
-0.002
0.0135714
0.001
-0.00571429
-0.002
0.0135714
0.001
-0.00571429
-0.002
0.0135714
0.001
-0.0125923
-0.0112565
0.0205578
0.00362254
-0.0107444
-0.0174383
0.018352
0.00836721
-0.0162762
-0.0245287
0.0234757
0.0184419
-0.0179058
-0.023449
0.0251013
0.0111108
-0.0263748
-0.0262169
0.0343395
0.0351252
-0.0196697
-0.0263439
0.027347
0.032635
-0.0275095
-0.0274427
0.0399894
0.00499809
-0.0173567
-0.0228128
0.025214
0.0121381
-0.00571429
-0.002
0.0135714
0.001
-0.00571429
-0.002
0.0135714
0.001
-0.00571429
-0.002
0.0135714
0.001
-0.00571429
-0.002
0.0135714
0.001
-0.00571429
-0.002
0.0135714
0.001
-0.00571429
-0.002
0.0135714
0.001
-0.00571429
-0.002
0.0135714
0.001
-0.00571429
-0.002
0.0135714
0.001
-0.00571429
-0.002
0.0135714
0.001
-0.00571429
-0.002
0.0135714
0.001
-0.00571429
-0.002
0.0135714
0.001
-0.00571429
-0.002
0.0135714
0.001
-0.00571429
-0.002
0.0135714
0.001
-0.00571429
-0.002
0.0135714
0.001
-0.00571429
-0.002
0.0135714
0.001
-0.00571429
-0.002
0.0135714
0.001
-0.00571429
-0.002
0.0135714
0.001
-0.00571429
-0.002
0.0135714
0.001
-0.00571429
-0.002
0.0135714
0.001
-0.00571429
-0.002
0.0135714
0.001
-0.00571429
-0.002
0.0135714
0.001
-0.00571429
-0.002
0.0135714
0.001
-0.00571429
-0.002
0.0135714
0.001
-0.00571429
-0.002
0.0135714
0.001
-0.0158867
-0.0108003
0.0239253
0.00644046
-0.0179981
-0.0144231
0.0253099
0.0175108
-0.025836
-0.021872
0.0328125
0.00506957
-0.0204996
-0.0180844
0.0278642
0.00846112
-0.0211318
-0.0185802
0.0290236
0.0244123
-0.0199571
-0.0156955
0.0274815
0.0163092
-0.00571429
-0.002
0.0135714
0.001
-0.00571429
-0.002
0.0135714
0.001
-0.00571429
-0.002
0.0135714
0.001
-0.00571429
-0.002
0.0135714
0.001
-0.00571429
-0.002
0.0135714
0.001
-0.00571429
-0.002
0.0135714
0.001